20090821,DV,53.03,53.3,52.45,52.91,7309
20090824,DV,53.02,53.02,52.1,52.35,4488
20090825,DV,52.76,53.29,51.91,52.33,5696
20090826,DV,52.07,53.07,51.97,52.56,3601
20090827,DV,52.55,53.19,52,52.7,3737
20090828,DV,52.7,53.1,52.07,52.28,6368
20090831,DV,51.81,52.22,51,51.1,4633
20090901,DV,51,51.71,50.21,50.59,5902
20090902,DV,50.52,51.36,50.33,50.88,7575
20090903,DV,50.79,51.86,50.44,51.79,9760
20090904,DV,51.71,51.92,50.75,51.27,17627
20090909,DV,51.76,51.89,51.24,51.6,3937
20090910,DV,51.34,51.59,50.53,51.17,8371
20090911,DV,51.11,51.26,50.46,50.69,6792
20090914,DV,50.34,51.14,50.34,51.02,5663
20090915,DV,50.92,51.58,50.84,51.39,4339
20090916,DV,51.36,51.6,50.64,51.27,2742
20090917,DV,51.13,52.43,50.85,52.32,8052
20090918,DV,52.82,53,51.8175,52.5,5647
20090921,DV,52.265,56.9,51.77,56.76,19922
20090922,DV,55.74,56.0295,54.29,55.62,9076
20090923,DV,55.47,55.75,54.67,55,4870
20090924,DV,55.16,55.45,53.9,54.51,5584
20090925,DV,54.69,55.0375,53.81,53.89,5283
20090928,DV,54.09,54.775,53.62,53.77,7580
20090929,DV,53.74,55.62,53.57,54.97,8402
20090930,DV,55.39,55.95,54.58,55.32,9495
20091001,DV,55.26,55.605,54.22,54.42,8615
20091002,DV,53.44,54.68,53.31,53.6,13147
20091005,DV,53.45,53.63,52.41,52.85,8192
20091006,DV,53.22,54.19,52.895,53.77,4753
20091007,DV,53.81,54.36,53.61,54.09,5432
20091008,DV,54.1,54.9,54.1,54.63,6527
20091009,DV,54.53,55.08,53.89,54.82,4651
20091012,DV,55.1,55.19,54.58,54.68,2512
20091013,DV,54.51,54.7,53.98,54.22,3322
20091014,DV,54.42,54.8,53.16,54.4,4882
20091015,DV,55.2,57.68,55.2,56.33,10209
20091016,DV,56.02,56.6458,55.3,55.89,7271
20091019,DV,56.04,56.43,55.2,56.2,4352
20091020,DV,56,56.26,55.26,56.17,11867
20091021,DV,56.18,57.37,56.05,56.07,10218
20091022,DV,54.7,56.5,54.04,55.69,11672
20091023,DV,55.69,56.35,55.09,55.5,5488
20091026,DV,55.59,56.28,55.1,55.48,8702
20091027,DV,55.43,56.02,54.821,54.88,8281
20091028,DV,54.99,57.85,54.16,56.13,35879
20091105,DV,55.23,55.46,54.71,55.29,7847
20091106,DV,55.18,55.85,54.88,55.38,8580
20091109,DV,55.43,55.79,52.55,53.46,22724
20091110,DV,53.17,54.57,53.17,54.15,11095
20091111,DV,53.42,54.31,52.88,53.55,12796
20091112,DV,54.02,54.02,53.25,53.33,6896
20091113,DV,53.35,53.6099,52.93,53,7740
20091116,DV,53.49,54.74,53.46,54.62,9297
20091117,DV,54.59,54.59,54.11,54.54,6139
20091118,DV,54.4,54.47,54.05,54.47,4547
20091119,DV,54.18,54.39,53.27,54.04,8788
20091120,DV,54.13,54.19,53.77,54.03,6276
20091123,DV,54.25,54.5,54,54.37,6972
20091124,DV,54.5,55.45,54.18,55.24,6957
20091125,DV,55.53,55.66,54.76,54.95,4719
20091127,DV,54.17,54.83,54.02,54.44,2368
20091130,DV,54.29,54.4,53.38,54.32,4882
20091201,DV,54.1,54.3,53.15,53.74,11074
20091202,DV,53.55,54.06,53.36,53.77,6070
20091203,DV,53.77,53.985,52.55,52.72,8606
20091204,DV,52.9,53.19,52.03,52.47,6673
20091207,DV,52.56,52.6,51.45,52.58,10347
20091208,DV,53.28,54.81,52.85,54.29,13398
20091209,DV,54.15,57.58,53.68,57.23,21987
20091210,DV,57.15,57.92,56.26,56.49,10043
20091211,DV,56.71,56.93,55.84,55.95,7292
20091214,DV,55.55,57.88,55.5,57.76,10528
20091215,DV,57.58,58.68,57.51,58.42,7032
20091216,DV,58.31,59.87,58.31,58.99,13058
20091217,DV,58.96,59.16,56.15,56.67,15653
20091218,DV,57.01,57.2255,55.81,56.48,13934
20091221,DV,56.71,56.95,56.22,56.75,4198
20091222,DV,56.5,57.11,56.38,56.52,4007
20091223,DV,56.66,57.52,56.66,57.04,5944
20091224,DV,56.96,57.09,56.68,57.02,1945
20091228,DV,57.09,57.44,57.02,57.34,7785
20091229,DV,57.34,57.47,56.83,57.19,2443
20091230,DV,57.16,57.54,56.94,57.51,2612
20091231,DV,57.64,57.64,56.71,56.73,2705
20100104,DV,56.86,57.03,56.03,56.21,4918
20100105,DV,56.2,56.45,54.52,55.63,10776
20100106,DV,55.52,56.88,55.36,56.44,6242
20100107,DV,56.64,57.6,56.2,57.23,6491
20100108,DV,56.61,56.61,55.7,56.27,8063
20100111,DV,56.54,57.13,55.62,56.4,5394
20100112,DV,56.42,56.42,55.77,56.11,2563
20100113,DV,56.26,56.75,55.82,56.64,3915
20100114,DV,56.38,57.41,56.27,57.28,5321
20100115,DV,57.33,57.58,56.77,56.81,6514
20100119,DV,56.29,56.749,56.18,56.42,4962
20100120,DV,56.15,56.38,55.68,56.19,4991
20100121,DV,57.24,57.82,55.84,56.46,9502
20100122,DV,56.28,57.06,56.13,56.88,8832
